1, 168
168, 1
2, 58
58, 2
3, 58
58, 3
4, 58
58, 4
5, 79
79, 5
5, 200
200, 5
6, 25
25, 6
6, 43
43, 6
7, 30
30, 7
7, 58
58, 7
8, 144
144, 8
8, 172
172, 8
9, 83
83, 9
10, 190
190, 10
11, 58
58, 11
12, 144
144, 12
13, 58
58, 13
14, 144
144, 14
15, 58
58, 15
16, 43
43, 16
17, 27
27, 17
18, 58
58, 18
19, 133
133, 19
20, 158
158, 20
21, 64
64, 21
22, 58
58, 22
23, 58
58, 23
23, 192
192, 23
24, 58
58, 24
25, 6
6, 25
26, 43
43, 26
26, 126
126, 26
27, 17
17, 27
27, 32
32, 27
27, 58
58, 27
27, 79
79, 27
27, 81
81, 27
27, 121
121, 27
28, 58
58, 28
29, 58
58, 29
29, 99
99, 29
29, 126
126, 29
30, 7
7, 30
30, 76
76, 30
30, 120
120, 30
31, 58
58, 31
32, 27
27, 32
33, 126
126, 33
34, 58
58, 34
35, 45
45, 35
36, 58
58, 36
36, 151
151, 36
37, 58
58, 37
38, 58
58, 38
39, 58
58, 39
39, 199
199, 39
40, 124
124, 40
41, 54
54, 41
41, 216
216, 41
42, 43
43, 42
42, 63
63, 42
42, 102
102, 42
42, 103
103, 42
42, 124
124, 42
42, 134
134, 42
43, 6
6, 43
43, 16
16, 43
43, 26
26, 43
43, 42
42, 43
43, 46
46, 43
43, 56
56, 43
43, 58
58, 43
43, 59
59, 43
43, 89
89, 43
43, 126
126, 43
43, 163
163, 43
43, 169
169, 43
43, 171
171, 43
44, 58
58, 44
45, 35
35, 45
45, 58
58, 45
45, 74
74, 45
45, 97
97, 45
45, 115
115, 45
45, 145
145, 45
45, 154
154, 45
45, 175
175, 45
45, 193
193, 45
45, 195
195, 45
45, 214
214, 45
46, 43
43, 46
46, 58
58, 46
46, 134
134, 46
47, 58
58, 47
48, 158
158, 48
48, 168
168, 48
48, 173
173, 48
49, 58
58, 49
50, 58
58, 50
51, 126
126, 51
52, 58
58, 52
53, 58
58, 53
54, 41
41, 54
55, 58
58, 55
56, 43
43, 56
57, 212
212, 57
58, 2
2, 58
58, 3
3, 58
58, 4
4, 58
58, 7
7, 58
58, 11
11, 58
58, 13
13, 58
58, 15
15, 58
58, 18
18, 58
58, 22
22, 58
58, 23
23, 58
58, 24
24, 58
58, 27
27, 58
58, 28
28, 58
58, 29
29, 58
58, 31
31, 58
58, 34
34, 58
58, 36
36, 58
58, 37
37, 58
58, 38
38, 58
58, 39
39, 58
58, 43
43, 58
58, 44
44, 58
58, 45
45, 58
58, 46
46, 58
58, 47
47, 58
58, 49
49, 58
58, 50
50, 58
58, 52
52, 58
58, 53
53, 58
58, 55
55, 58
58, 60
60, 58
58, 61
61, 58
58, 64
64, 58
58, 65
65, 58
58, 69
69, 58
58, 70
70, 58
58, 72
72, 58
58, 73
73, 58
58, 75
75, 58
58, 76
76, 58
58, 77
77, 58
58, 78
78, 58
58, 84
84, 58
58, 85
85, 58
58, 86
86, 58
58, 88
88, 58
58, 89
89, 58
58, 90
90, 58
58, 92
92, 58
58, 93
93, 58
58, 95
95, 58
58, 98
98, 58
58, 100
100, 58
58, 101
101, 58
58, 105
105, 58
58, 106
106, 58
58, 107
107, 58
58, 108
108, 58
58, 109
109, 58
58, 110
110, 58
58, 111
111, 58
58, 112
112, 58
58, 114
114, 58
58, 116
116, 58
58, 117
117, 58
58, 119
119, 58
58, 120
120, 58
58, 122
122, 58
58, 125
125, 58
58, 127
127, 58
58, 130
130, 58
58, 131
131, 58
58, 132
132, 58
58, 133
133, 58
58, 136
136, 58
58, 138
138, 58
58, 139
139, 58
58, 140
140, 58
58, 141
141, 58
58, 142
142, 58
58, 143
143, 58
58, 144
144, 58
58, 146
146, 58
58, 147
147, 58
58, 148
148, 58
58, 149
149, 58
58, 150
150, 58
58, 151
151, 58
58, 156
156, 58
58, 159
159, 58
58, 160
160, 58
58, 162
162, 58
58, 164
164, 58
58, 170
170, 58
58, 172
172, 58
58, 174
174, 58
58, 176
176, 58
58, 177
177, 58
58, 178
178, 58
58, 179
179, 58
58, 180
180, 58
58, 181
181, 58
58, 182
182, 58
58, 183
183, 58
58, 184
184, 58
58, 185
185, 58
58, 186
186, 58
58, 187
187, 58
58, 188
188, 58
58, 189
189, 58
58, 190
190, 58
58, 191
191, 58
58, 194
194, 58
58, 196
196, 58
58, 197
197, 58
58, 198
198, 58
58, 201
201, 58
58, 205
205, 58
58, 206
206, 58
58, 208
208, 58
58, 209
209, 58
58, 210
210, 58
58, 211
211, 58
58, 213
213, 58
58, 214
214, 58
58, 215
215, 58
58, 216
216, 58
58, 218
218, 58
59, 43
43, 59
60, 58
58, 60
61, 58
58, 61
62, 155
155, 62
63, 42
42, 63
63, 102
102, 63
64, 21
21, 64
64, 58
58, 64
65, 58
58, 65
66, 126
126, 66
67, 213
213, 67
68, 126
126, 68
69, 58
58, 69
70, 58
58, 70
71, 89
89, 71
72, 58
58, 72
73, 58
58, 73
74, 45
45, 74
75, 58
58, 75
76, 30
30, 76
76, 58
58, 76
77, 58
58, 77
78, 58
58, 78
79, 5
5, 79
79, 27
27, 79
80, 158
158, 80
81, 27
27, 81
82, 144
144, 82
83, 9
9, 83
84, 58
58, 84
85, 58
58, 85
86, 58
58, 86
87, 144
144, 87
88, 58
58, 88
89, 43
43, 89
89, 58
58, 89
89, 71
71, 89
90, 58
58, 90
91, 126
126, 91
92, 58
58, 92
93, 58
58, 93
93, 161
161, 93
94, 126
126, 94
95, 58
58, 95
96, 144
144, 96
97, 45
45, 97
98, 58
58, 98
99, 29
29, 99
99, 167
167, 99
100, 58
58, 100
101, 58
58, 101
102, 42
42, 102
102, 63
63, 102
102, 115
115, 102
102, 126
126, 102
102, 152
152, 102
102, 172
172, 102
103, 42
42, 103
103, 124
124, 103
103, 157
157, 103
104, 144
144, 104
104, 203
203, 104
104, 204
204, 104
105, 58
58, 105
106, 58
58, 106
107, 58
58, 107
108, 58
58, 108
109, 58
58, 109
110, 58
58, 110
111, 58
58, 111
112, 58
58, 112
113, 167
167, 113
114, 58
58, 114
115, 45
45, 115
115, 102
102, 115
115, 198
198, 115
115, 217
217, 115
116, 58
58, 116
116, 137
137, 116
117, 58
58, 117
118, 120
120, 118
119, 58
58, 119
120, 30
30, 120
120, 58
58, 120
120, 118
118, 120
121, 27
27, 121
122, 58
58, 122
123, 175
175, 123
123, 200
200, 123
124, 40
40, 124
124, 42
42, 124
124, 103
103, 124
124, 126
126, 124
125, 58
58, 125
125, 144
144, 125
126, 26
26, 126
126, 29
29, 126
126, 33
33, 126
126, 43
43, 126
126, 51
51, 126
126, 66
66, 126
126, 68
68, 126
126, 91
91, 126
126, 94
94, 126
126, 102
102, 126
126, 124
124, 126
126, 169
169, 126
126, 171
171, 126
127, 58
58, 127
128, 166
166, 128
129, 205
205, 129
130, 58
58, 130
131, 58
58, 131
131, 158
158, 131
132, 58
58, 132
133, 19
19, 133
133, 58
58, 133
133, 144
144, 133
133, 166
166, 133
133, 207
207, 133
134, 42
42, 134
134, 46
46, 134
134, 205
205, 134
135, 175
175, 135
136, 58
58, 136
137, 116
116, 137
138, 58
58, 138
139, 58
58, 139
140, 58
58, 140
141, 58
58, 141
142, 58
58, 142
143, 58
58, 143
144, 8
8, 144
144, 12
12, 144
144, 14
14, 144
144, 58
58, 144
144, 82
82, 144
144, 87
87, 144
144, 96
96, 144
144, 104
104, 144
144, 125
125, 144
144, 133
133, 144
144, 158
158, 144
144, 212
212, 144
145, 45
45, 145
146, 58
58, 146
147, 58
58, 147
148, 58
58, 148
149, 58
58, 149
150, 58
58, 150
151, 36
36, 151
151, 58
58, 151
152, 102
102, 152
153, 171
171, 153
154, 45
45, 154
155, 62
62, 155
156, 58
58, 156
157, 103
103, 157
158, 20
20, 158
158, 48
48, 158
158, 80
80, 158
158, 131
131, 158
158, 144
144, 158
159, 58
58, 159
160, 58
58, 160
161, 93
93, 161
162, 58
58, 162
163, 43
43, 163
164, 58
58, 164
165, 167
167, 165
166, 128
128, 166
166, 133
133, 166
167, 99
99, 167
167, 113
113, 167
167, 165
165, 167
168, 1
1, 168
168, 48
48, 168
168, 172
172, 168
169, 43
43, 169
169, 126
126, 169
170, 58
58, 170
171, 43
43, 171
171, 126
126, 171
171, 153
153, 171
172, 8
8, 172
172, 58
58, 172
172, 102
102, 172
172, 168
168, 172
172, 202
202, 172
173, 48
48, 173
174, 58
58, 174
175, 45
45, 175
175, 123
123, 175
175, 135
135, 175
176, 58
58, 176
177, 58
58, 177
178, 58
58, 178
179, 58
58, 179
180, 58
58, 180
181, 58
58, 181
182, 58
58, 182
183, 58
58, 183
184, 58
58, 184
185, 58
58, 185
186, 58
58, 186
187, 58
58, 187
188, 58
58, 188
189, 58
58, 189
190, 10
10, 190
190, 58
58, 190
191, 58
58, 191
192, 23
23, 192
193, 45
45, 193
194, 58
58, 194
195, 45
45, 195
196, 58
58, 196
197, 58
58, 197
198, 58
58, 198
198, 115
115, 198
199, 39
39, 199
200, 5
5, 200
200, 123
123, 200
201, 58
58, 201
202, 172
172, 202
203, 104
104, 203
204, 104
104, 204
205, 58
58, 205
205, 129
129, 205
205, 134
134, 205
206, 58
58, 206
207, 133
133, 207
208, 58
58, 208
209, 58
58, 209
210, 58
58, 210
211, 58
58, 211
212, 57
57, 212
212, 144
144, 212
213, 58
58, 213
213, 67
67, 213
214, 45
45, 214
214, 58
58, 214
215, 58
58, 215
216, 41
41, 216
216, 58
58, 216
217, 115
115, 217
218, 58
58, 218
219, 221
221, 219
220, 221
221, 220
221, 219
219, 221
221, 220
220, 221
221, 223
223, 221
221, 227
227, 221
221, 228
228, 221
221, 229
229, 221
221, 231
231, 221
221, 237
237, 221
221, 238
238, 221
221, 239
239, 221
221, 240
240, 221
221, 242
242, 221
221, 243
243, 221
221, 245
245, 221
221, 247
247, 221
221, 248
248, 221
221, 249
249, 221
221, 253
253, 221
221, 255
255, 221
221, 256
256, 221
221, 259
259, 221
221, 260
260, 221
221, 262
262, 221
221, 263
263, 221
221, 266
266, 221
221, 267
267, 221
221, 268
268, 221
221, 274
274, 221
221, 275
275, 221
221, 276
276, 221
221, 277
277, 221
221, 279
279, 221
221, 280
280, 221
221, 282
282, 221
221, 284
284, 221
221, 285
285, 221
221, 288
288, 221
221, 289
289, 221
221, 292
292, 221
221, 293
293, 221
221, 294
294, 221
221, 297
297, 221
221, 298
298, 221
221, 299
299, 221
221, 300
300, 221
221, 309
309, 221
221, 317
317, 221
221, 318
318, 221
221, 319
319, 221
221, 320
320, 221
221, 321
321, 221
221, 325
325, 221
221, 327
327, 221
221, 328
328, 221
221, 331
331, 221
221, 337
337, 221
221, 339
339, 221
221, 341
341, 221
221, 346
346, 221
221, 350
350, 221
221, 351
351, 221
221, 352
352, 221
221, 355
355, 221
221, 357
357, 221
221, 358
358, 221
221, 360
360, 221
221, 365
365, 221
221, 366
366, 221
221, 373
373, 221
221, 375
375, 221
221, 376
376, 221
221, 379
379, 221
221, 380
380, 221
221, 381
381, 221
221, 383
383, 221
221, 384
384, 221
221, 386
386, 221
221, 387
387, 221
221, 390
390, 221
221, 392
392, 221
221, 393
393, 221
221, 394
394, 221
221, 395
395, 221
221, 397
397, 221
221, 401
401, 221
221, 402
402, 221
221, 405
405, 221
221, 407
407, 221
221, 409
409, 221
221, 410
410, 221
221, 411
411, 221
221, 414
414, 221
221, 418
418, 221
221, 419
419, 221
221, 420
420, 221
221, 421
421, 221
221, 423
423, 221
221, 424
424, 221
221, 425
425, 221
221, 426
426, 221
221, 427
427, 221
221, 428
428, 221
221, 429
429, 221
221, 430
430, 221
221, 431
431, 221
221, 433
433, 221
221, 434
434, 221
221, 437
437, 221
221, 438
438, 221
221, 443
443, 221
221, 444
444, 221
221, 445
445, 221
221, 447
447, 221
221, 448
448, 221
221, 451
451, 221
221, 455
455, 221
221, 456
456, 221
221, 459
459, 221
221, 460
460, 221
221, 461
461, 221
221, 463
463, 221
221, 464
464, 221
221, 467
467, 221
221, 469
469, 221
221, 470
470, 221
221, 471
471, 221
221, 472
472, 221
221, 474
474, 221
221, 475
475, 221
221, 479
479, 221
221, 481
481, 221
221, 485
485, 221
221, 488
488, 221
221, 489
489, 221
221, 490
490, 221
221, 493
493, 221
221, 494
494, 221
221, 495
495, 221
221, 496
496, 221
221, 499
499, 221
221, 503
503, 221
221, 504
504, 221
221, 506
506, 221
221, 508
508, 221
221, 509
509, 221
221, 510
510, 221
221, 511
511, 221
221, 512
512, 221
221, 513
513, 221
221, 517
517, 221
221, 518
518, 221
221, 519
519, 221
221, 521
521, 221
221, 522
522, 221
221, 523
523, 221
221, 525
525, 221
221, 526
526, 221
221, 529
529, 221
221, 534
534, 221
221, 535
535, 221
221, 536
536, 221
221, 537
537, 221
221, 538
538, 221
221, 539
539, 221
221, 540
540, 221
221, 543
543, 221
221, 544
544, 221
221, 546
546, 221
221, 547
547, 221
221, 549
549, 221
221, 550
550, 221
221, 552
552, 221
221, 553
553, 221
221, 554
554, 221
221, 556
556, 221
221, 558
558, 221
221, 559
559, 221
221, 562
562, 221
221, 565
565, 221
221, 566
566, 221
221, 568
568, 221
221, 570
570, 221
221, 572
572, 221
221, 573
573, 221
221, 574
574, 221
221, 576
576, 221
221, 577
577, 221
221, 579
579, 221
221, 582
582, 221
221, 583
583, 221
221, 587
587, 221
221, 588
588, 221
221, 590
590, 221
221, 593
593, 221
221, 594
594, 221
221, 597
597, 221
221, 600
600, 221
221, 602
602, 221
221, 604
604, 221
221, 605
605, 221
221, 606
606, 221
221, 607
607, 221
221, 609
609, 221
221, 611
611, 221
221, 615
615, 221
221, 618
618, 221
221, 619
619, 221
221, 623
623, 221
221, 627
627, 221
221, 629
629, 221
221, 631
631, 221
221, 633
633, 221
221, 635
635, 221
221, 636
636, 221
221, 637
637, 221
221, 639
639, 221
221, 641
641, 221
221, 645
645, 221
221, 646
646, 221
221, 650
650, 221
221, 653
653, 221
221, 655
655, 221
221, 657
657, 221
221, 658
658, 221
221, 659
659, 221
221, 661
661, 221
221, 663
663, 221
221, 668
668, 221
221, 671
671, 221
221, 672
672, 221
221, 673
673, 221
221, 681
681, 221
221, 682
682, 221
221, 688
688, 221
221, 692
692, 221
221, 693
693, 221
221, 694
694, 221
221, 695
695, 221
221, 698
698, 221
221, 699
699, 221
221, 701
701, 221
221, 704
704, 221
221, 705
705, 221
221, 717
717, 221
221, 721
721, 221
221, 727
727, 221
221, 728
728, 221
221, 729
729, 221
221, 730
730, 221
221, 731
731, 221
221, 733
733, 221
221, 739
739, 221
221, 740
740, 221
221, 741
741, 221
221, 743
743, 221
221, 744
744, 221
221, 749
749, 221
221, 751
751, 221
221, 752
752, 221
221, 753
753, 221
221, 757
757, 221
221, 758
758, 221
221, 759
759, 221
221, 760
760, 221
221, 761
761, 221
221, 763
763, 221
221, 770
770, 221
221, 772
772, 221
221, 773
773, 221
221, 776
776, 221
221, 780
780, 221
221, 782
782, 221
221, 787
787, 221
221, 789
789, 221
221, 791
791, 221
221, 793
793, 221
221, 794
794, 221
221, 796
796, 221
221, 800
800, 221
221, 802
802, 221
221, 804
804, 221
221, 805
805, 221
221, 809
809, 221
221, 810
810, 221
221, 811
811, 221
221, 819
819, 221
221, 820
820, 221
221, 821
821, 221
221, 822
822, 221
221, 825
825, 221
221, 827
827, 221
221, 828
828, 221
221, 830
830, 221
221, 833
833, 221
221, 834
834, 221
221, 836
836, 221
221, 838
838, 221
221, 841
841, 221
221, 842
842, 221
221, 843
843, 221
221, 845
845, 221
221, 846
846, 221
221, 848
848, 221
221, 849
849, 221
221, 850
850, 221
221, 851
851, 221
221, 852
852, 221
221, 858
858, 221
221, 859
859, 221
221, 861
861, 221
221, 864
864, 221
221, 865
865, 221
221, 866
866, 221
221, 868
868, 221
221, 870
870, 221
221, 871
871, 221
221, 873
873, 221
221, 876
876, 221
221, 879
879, 221
221, 880
880, 221
221, 883
883, 221
221, 884
884, 221
221, 886
886, 221
221, 887
887, 221
221, 889
889, 221
221, 890
890, 221
221, 892
892, 221
221, 894
894, 221
221, 898
898, 221
221, 899
899, 221
221, 902
902, 221
221, 909
909, 221
221, 912
912, 221
221, 917
917, 221
221, 918
918, 221
221, 919
919, 221
221, 920
920, 221
221, 921
921, 221
221, 924
924, 221
221, 932
932, 221
221, 935
935, 221
222, 670
670, 222
223, 221
221, 223
224, 814
814, 224
225, 246
246, 225
225, 272
272, 225
225, 457
457, 225
225, 476
476, 225
225, 601
601, 225
225, 790
790, 225
225, 855
855, 225
225, 872
872, 225
226, 283
283, 226
227, 221
221, 227
228, 221
221, 228
229, 221
221, 229
229, 599
599, 229
230, 403
403, 230
230, 779
779, 230
230, 856
856, 230
231, 221
221, 231
232, 310
310, 232
232, 315
315, 232
232, 399
399, 232
232, 454
454, 232
232, 486
486, 232
232, 630
630, 232
232, 689
689, 232
232, 707
707, 232
232, 708
708, 232
232, 755
755, 232
232, 765
765, 232
232, 928
928, 232
233, 515
515, 233
234, 258
258, 234
234, 398
398, 234
234, 714
714, 234
235, 244
244, 235
235, 505
505, 235
235, 742
742, 235
236, 634
634, 236
237, 221
221, 237
238, 221
221, 238
238, 679
679, 238
239, 221
221, 239
239, 882
882, 239
240, 221
221, 240
241, 756
756, 241
242, 221
221, 242
243, 221
221, 243
244, 235
235, 244
244, 271
271, 244
244, 273
273, 244
244, 453
453, 244
244, 904
904, 244
244, 925
925, 244
245, 221
221, 245
245, 273
273, 245
245, 532
532, 245
246, 225
225, 246
246, 273
273, 246
246, 330
330, 246
246, 837
837, 246
247, 221
221, 247
247, 451
451, 247
247, 585
585, 247
247, 766
766, 247
248, 221
221, 248
249, 221
221, 249
250, 624
624, 250
251, 396
396, 251
252, 873
873, 252
253, 221
221, 253
253, 480
480, 253
253, 914
914, 253
254, 680
680, 254
254, 688
688, 254
254, 926
926, 254
255, 221
221, 255
256, 221
221, 256
257, 714
714, 257
258, 234
234, 258
258, 638
638, 258
258, 712
712, 258
258, 775
775, 258
259, 221
221, 259
260, 221
221, 260
261, 394
394, 261
262, 221
221, 262
263, 221
221, 263
264, 451
451, 264
265, 303
303, 265
265, 395
395, 265
266, 221
221, 266
267, 221
221, 267
268, 221
221, 268
269, 306
306, 269
269, 340
340, 269
269, 666
666, 269
269, 885
885, 269
269, 930
930, 269
270, 748
748, 270
271, 244
244, 271
272, 225
225, 272
272, 273
273, 272
272, 291
291, 272
272, 307
307, 272
272, 719
719, 272
272, 742
742, 272
272, 745
745, 272
273, 244
244, 273
273, 245
245, 273
273, 246
246, 273
273, 272
272, 273
273, 302
302, 273
273, 345
345, 273
273, 381
381, 273
273, 389
389, 273
273, 466
466, 273
273, 467
467, 273
273, 484
484, 273
273, 530
530, 273
273, 568
568, 273
273, 610
610, 273
273, 627
627, 273
273, 707
707, 273
273, 724
724, 273
273, 742
742, 273
273, 925
925, 273
274, 221
221, 274
275, 221
221, 275
276, 221
221, 276
277, 221
221, 277
278, 302
302, 278
278, 575
575, 278
279, 221
221, 279
279, 669
669, 279
280, 221
221, 280
280, 408
408, 280
281, 451
451, 281
282, 221
221, 282
283, 226
226, 283
283, 334
334, 283
283, 415
415, 283
283, 915
915, 283
284, 221
221, 284
284, 584
584, 284
285, 221
221, 285
286, 385
385, 286
286, 595
595, 286
286, 603
603, 286
286, 762
762, 286
286, 907
907, 286
287, 576
576, 287
288, 221
221, 288
289, 221
221, 289
290, 402
402, 290
291, 272
272, 291
291, 361
361, 291
291, 530
530, 291
291, 855
855, 291
292, 221
221, 292
293, 221
221, 293
294, 221
221, 294
295, 355
355, 295
295, 365
365, 295
295, 375
375, 295
295, 380
380, 295
295, 420
420, 295
295, 444
444, 295
295, 475
475, 295
295, 521
521, 295
295, 641
641, 295
295, 671
671, 295
295, 695
695, 295
295, 730
730, 295
295, 845
845, 295
295, 879
879, 295
296, 385
385, 296
297, 221
221, 297
298, 221
221, 298
299, 221
221, 299
300, 221
221, 300
301, 349
349, 301
302, 273
273, 302
302, 278
278, 302
302, 634
634, 302
302, 719
719, 302
302, 807
807, 302
303, 265
265, 303
303, 311
311, 303
303, 395
395, 303
304, 533
533, 304
305, 515
515, 305
306, 269
269, 306
307, 272
272, 307
307, 610
610, 307
307, 774
774, 307
308, 702
702, 308
308, 742
742, 308
309, 221
221, 309
310, 232
232, 310
311, 303
303, 311
311, 395
395, 311
312, 360
360, 312
313, 742
742, 313
314, 326
326, 314
314, 333
333, 314
314, 439
439, 314
314, 565
565, 314
315, 232
232, 315
316, 873
873, 316
317, 221
221, 317
318, 221
221, 318
319, 221
221, 319
319, 853
853, 319
320, 221
221, 320
321, 221
221, 321
322, 685
685, 322
323, 473
473, 323
323, 756
756, 323
323, 762
762, 323
323, 769
769, 323
323, 818
818, 323
323, 911
911, 323
324, 873
873, 324
325, 221
221, 325
325, 469
469, 325
325, 690
690, 325
325, 740
740, 325
325, 769
769, 325
325, 798
798, 325
325, 832
832, 325
325, 926
926, 325
326, 314
314, 326
326, 329
329, 326
326, 484
484, 326
327, 221
221, 327
328, 221
221, 328
329, 326
326, 329
329, 831
831, 329
330, 246
246, 330
330, 610
610, 330
330, 742
742, 330
331, 221
221, 331
331, 832
832, 331
332, 484
484, 332
333, 314
314, 333
333, 873
873, 333
334, 283
283, 334
335, 722
722, 335
336, 768
768, 336
337, 221
221, 337
338, 439
439, 338
339, 221
221, 339
339, 882
882, 339
340, 269
269, 340
340, 359
359, 340
340, 548
548, 340
340, 634
634, 340
340, 684
684, 340
341, 221
221, 341
342, 477
477, 342
343, 756
756, 343
343, 769
769, 343
344, 574
574, 344
345, 273
273, 345
346, 221
221, 346
347, 581
581, 347
348, 883
883, 348
349, 301
301, 349
349, 501
501, 349
349, 707
707, 349
349, 768
768, 349
350, 221
221, 350
351, 221
221, 351
352, 221
221, 352
353, 817
817, 353
354, 378
378, 354
354, 610
610, 354
354, 769
769, 354
355, 221
221, 355
355, 295
295, 355
356, 565
565, 356
357, 221
221, 357
358, 221
221, 358
359, 340
340, 359
360, 221
221, 360
360, 312
312, 360
361, 291
291, 361
362, 925
925, 362
363, 748
748, 363
364, 565
565, 364
364, 825
825, 364
364, 925
925, 364
365, 221
221, 365
365, 295
295, 365
366, 221
221, 366
367, 592
592, 367
367, 724
724, 367
368, 477
477, 368
369, 555
555, 369
369, 748
748, 369
369, 768
768, 369
369, 867
867, 369
369, 923
923, 369
370, 779
779, 370
370, 816
816, 370
371, 492
492, 371
371, 726
726, 371
372, 642
642, 372
373, 221
221, 373
374, 873
873, 374
375, 221
221, 375
375, 295
295, 375
376, 221
221, 376
376, 752
752, 376
377, 665
665, 377
377, 756
756, 377
377, 769
769, 377
377, 808
808, 377
378, 354
354, 378
378, 769
769, 378
379, 221
221, 379
380, 221
221, 380
380, 295
295, 380
381, 221
221, 381
381, 273
273, 381
381, 914
914, 381
382, 873
873, 382
383, 221
221, 383
383, 425
425, 383
383, 482
482, 383
383, 502
502, 383
383, 725
725, 383
383, 746
746, 383
383, 895
895, 383
384, 221
221, 384
384, 523
523, 384
385, 286
286, 385
385, 296
296, 385
385, 664
664, 385
385, 863
863, 385
385, 891
891, 385
386, 221
221, 386
387, 221
221, 387
388, 507
507, 388
389, 273
273, 389
389, 750
750, 389
390, 221
221, 390
391, 526
526, 391
392, 221
221, 392
393, 221
221, 393
394, 221
221, 394
394, 261
261, 394
394, 715
715, 394
394, 823
823, 394
395, 221
221, 395
395, 265
265, 395
395, 303
303, 395
395, 311
311, 395
396, 251
251, 396
396, 402
402, 396
396, 442
442, 396
396, 622
622, 396
396, 718
718, 396
396, 907
907, 396
396, 908
908, 396
397, 221
221, 397
398, 234
234, 398
399, 232
232, 399
400, 625
625, 400
401, 221
221, 401
402, 221
221, 402
402, 290
290, 402
402, 396
396, 402
402, 415
415, 402
402, 440
440, 402
402, 452
452, 402
402, 469
469, 402
402, 477
477, 402
402, 515
515, 402
402, 560
560, 402
402, 563
563, 402
402, 595
595, 402
402, 628
628, 402
402, 648
648, 402
402, 696
696, 402
402, 711
711, 402
402, 771
771, 402
402, 779
779, 402
402, 781
781, 402
402, 783
783, 402
402, 811
811, 402
402, 813
813, 402
402, 878
878, 402
402, 929
929, 402
403, 230
230, 403
403, 516
516, 403
404, 807
807, 404
405, 221
221, 405
406, 515
515, 406
407, 221
221, 407
408, 280
280, 408
408, 530
530, 408
408, 612
612, 408
408, 742
742, 408
409, 221
221, 409
410, 221
221, 410
410, 829
829, 410
411, 221
221, 411
412, 681
681, 412
413, 439
439, 413
414, 221
221, 414
415, 283
283, 415
415, 402
402, 415
415, 722
722, 415
415, 891
891, 415
415, 915
915, 415
416, 451
451, 416
417, 670
670, 417
418, 221
221, 418
419, 221
221, 419
419, 483
483, 419
420, 221
221, 420
420, 295
295, 420
421, 221
221, 421
422, 523
523, 422
423, 221
221, 423
424, 221
221, 424
425, 221
221, 425
425, 383
383, 425
425, 723
723, 425
426, 221
221, 426
427, 221
221, 427
428, 221
221, 428
429, 221
221, 429
430, 221
221, 430
431, 221
221, 431
432, 515
515, 432
433, 221
221, 433
434, 221
221, 434
435, 769
769, 435
436, 742
742, 436
437, 221
221, 437
438, 221
221, 438
439, 314
314, 439
439, 338
338, 439
439, 413
413, 439
439, 565
565, 439
439, 610
610, 439
439, 644
644, 439
439, 660
660, 439
439, 724
724, 439
439, 742
742, 439
439, 807
807, 439
440, 402
402, 440
441, 910
910, 441
442, 396
396, 442
443, 221
221, 443
444, 221
221, 444
444, 295
295, 444
445, 221
221, 445
446, 734
734, 446
446, 742
742, 446
447, 221
221, 447
448, 221
221, 448
448, 898
898, 448
449, 462
462, 449
450, 451
451, 450
451, 221
221, 451
451, 247
247, 451
451, 264
264, 451
451, 281
281, 451
451, 416
416, 451
451, 450
450, 451
451, 520
520, 451
451, 523
523, 451
451, 652
652, 451
451, 662
662, 451
451, 755
755, 451
451, 762
762, 451
451, 777
777, 451
451, 814
814, 451
451, 822
822, 451
452, 402
402, 452
453, 244
244, 453
453, 748
748, 453
453, 839
839, 453
454, 232
232, 454
455, 221
221, 455
456, 221
221, 456
457, 225
225, 457
458, 907
907, 458
459, 221
221, 459
460, 221
221, 460
461, 221
221, 461
462, 449
449, 462
462, 515
515, 462
463, 221
221, 463
463, 654
654, 463
464, 221
221, 464
465, 925
925, 465
466, 273
273, 466
466, 528
528, 466
466, 614
614, 466
466, 925
925, 466
467, 221
221, 467
467, 273
273, 467
467, 491
491, 467
468, 748
748, 468
469, 221
221, 469
469, 325
325, 469
469, 402
402, 469
469, 692
692, 469
469, 925
925, 469
470, 221
221, 470
471, 221
221, 471
471, 725
725, 471
471, 922
922, 471
472, 221
221, 472
473, 323
323, 473
474, 221
221, 474
475, 221
221, 475
475, 295
295, 475
475, 547
547, 475
476, 225
225, 476
477, 342
342, 477
477, 368
368, 477
477, 402
402, 477
477, 714
714, 477
477, 881
881, 477
477, 896
896, 477
478, 670
670, 478
479, 221
221, 479
480, 253
253, 480
481, 221
221, 481
482, 383
383, 482
483, 419
419, 483
484, 273
273, 484
484, 326
326, 484
484, 332
332, 484
485, 221
221, 485
486, 232
232, 486
487, 523
523, 487
488, 221
221, 488
489, 221
221, 489
490, 221
221, 490
490, 633
633, 490
491, 467
467, 491
492, 371
371, 492
492, 621
621, 492
492, 726
726, 492
493, 221
221, 493
494, 221
221, 494
495, 221
221, 495
496, 221
221, 496
497, 824
824, 497
498, 873
873, 498
499, 221
221, 499
500, 817
817, 500
501, 349
349, 501
502, 383
383, 502
503, 221
221, 503
504, 221
221, 504
504, 832
832, 504
505, 235
235, 505
506, 221
221, 506
507, 388
388, 507
507, 596
596, 507
507, 624
624, 507
508, 221
221, 508
509, 221
221, 509
510, 221
221, 510
511, 221
221, 511
512, 221
221, 512
513, 221
221, 513
514, 515
515, 514
514, 737
737, 514
515, 233
233, 515
515, 305
305, 515
515, 402
402, 515
515, 406
406, 515
515, 432
432, 515
515, 462
462, 515
515, 514
514, 515
515, 555
555, 515
515, 561
561, 515
515, 626
626, 515
515, 649
649, 515
515, 700
700, 515
515, 713
713, 515
515, 747
747, 515
515, 754
754, 515
515, 797
797, 515
515, 806
806, 515
515, 815
815, 515
515, 817
817, 515
515, 836
836, 515
515, 881
881, 515
516, 403
403, 516
517, 221
221, 517
518, 221
221, 518
519, 221
221, 519
520, 451
451, 520
521, 221
221, 521
521, 295
295, 521
522, 221
221, 522
523, 221
221, 523
523, 384
384, 523
523, 422
422, 523
523, 451
451, 523
523, 487
487, 523
523, 683
683, 523
524, 571
571, 524
524, 837
837, 524
525, 221
221, 525
526, 221
221, 526
526, 391
391, 526
526, 705
705, 526
526, 789
789, 526
526, 812
812, 526
527, 881
881, 527
528, 466
466, 528
529, 221
221, 529
530, 273
273, 530
530, 291
291, 530
530, 408
408, 530
530, 571
